======================================================================
  MPI Document Search Engine — Performance Summary
======================================================================

--- Corpus Size: 100 documents ---

 Procs   Total (s)   Index (s)  Search (s)   Speedup    Effic.
--------------------------------------------------------------
     1      0.9523      0.9514      0.0009    1.0000    1.0000
     2      0.6268      0.6169      0.0004    1.5192    0.7596
     4      0.4699      0.4413      0.0002    2.0266    0.5067
     8      0.5817      0.4983      0.0001    1.6371    0.2046
    16      0.7863      0.7439      0.0001    1.2111    0.0757
    32      0.7360      0.7092      0.0001    1.2939    0.0404
    64      0.8002      0.7217      0.0000    1.1901    0.0186

--- Corpus Size: 500 documents ---

 Procs   Total (s)   Index (s)  Search (s)   Speedup    Effic.
--------------------------------------------------------------
     1      4.6884      4.6842      0.0042    1.0000    1.0000
     2      2.5293      2.5272      0.0021    1.8536    0.9268
     4      1.6170      1.5557      0.0011    2.8995    0.7249
     8      2.0064      1.6190      0.0006    2.3367    0.2921
    16      2.5377      2.4325      0.0005    1.8475    0.1155
    32      2.6088      2.5277      0.0003    1.7972    0.0562
    64      2.7751      2.7144      0.0001    1.6894    0.0264

--- Corpus Size: 1000 documents ---

 Procs   Total (s)   Index (s)  Search (s)   Speedup    Effic.
--------------------------------------------------------------
     1      9.2206      9.2122      0.0084    1.0000    1.0000
     2      4.8966      4.7779      0.0042    1.8830    0.9415
     4      2.8346      2.7715      0.0021    3.2529    0.8132
     8      3.4407      2.7207      0.0011    2.6799    0.3350
    16      3.8282      3.6749      0.0012    2.4086    0.1505
    32      4.0514      3.9305      0.0006    2.2759    0.0711
    64      4.7291      4.6453      0.0003    1.9498    0.0305

--- Corpus Size: 5000 documents ---

 Procs   Total (s)   Index (s)  Search (s)   Speedup    Effic.
--------------------------------------------------------------
     1     45.0198     44.9774      0.0424    1.0000    1.0000
     2     22.0136     21.8330      0.0209    2.0451    1.0225
     4     11.4864     11.4133      0.0105    3.9194    0.9799
     8     13.7075     10.2957      0.0055    3.2843    0.4105
    16     10.0437      9.8491      0.0060    4.4824    0.2802
    32      8.2263      7.9589      0.0028    5.4727    0.1710
    64     10.2552     10.0576      0.0014    4.3900    0.0686

